created:1970-01-01 00:00:00 UTC
ephemeris_start:1970-01-01 00:00:00 UTC ephemeris_stop:1970-01-01 00:01:00 UTC UTC step_size:60
ephemeris_source:blend
UVW
1970000000000.000 922.2359737554 7858.5508619087 2187.5296070383 7.0772371918 5.2766155128 2.4713206469
3.7773506416e-07 5.7330998603e-07 4.1392090514e-07 9.7320553824e-11 3.1129512189e-10 8.4140662673e-07 5.5536694816e-10
-7.8745873477e-10 -4.4201339134e-12 1.4793209073e-12 -3.6435057661e-10 3.1376748869e-10 -3.6641354100e-13 -3.3104508745e-13
5.8059681816e-13 4.5125755222e-13 -1.1108912758e-13 1.3219305467e-09 -1.3725030015e-15 1.0277420659e-16 5.0393070367e-12
1970000000100.000 215.1312941538 5313.3687781769 1606.4835884616 5.4846233373 5.7499559898 7.5955777131
2.5799230092e-07 4.5916465588e-07 9.0700079347e-07 7.8790252797e-11 -1.7194731747e-10 8.0894752680e-07 8.2186178582e-10
-5.8949768875e-10 -1.5168704826e-12 -4.1073298799e-12 -5.2621614567e-10 -1.2985288020e-10 1.1635439809e-13 -3.8973172940e-13
-5.5343202033e-13 -7.7951066585e-13 -3.6948862367e-13 3.3913049973e-10 -1.0510070804e-15 7.9072984285e-16 4.5664968759e-12